[[200.0022828578949,400.0022828578949],
[203.53582402458414,403.53582402458414],
[207.07095485267928,407.0709548526793],
[210.6037139892578,410.6037139892578],
[214.14418378117261,414.1441837811726],
[217.68089707038598,417.680897070386],
[221.21356245461357,421.21356245461357],
[224.74365633679554,424.74365633679554],
[228.28741176053882,428.2874117605388],
[231.82510317856213,431.82510317856213],
[235.353031293198,435.353031293198],
[238.887859370152,438.887859370152],
[242.4332355032675,442.4332355032675],
[245.9612024758826,445.9612024758826],
[249.4970207219012,449.4970207219012],
[253.0576495312289,453.01142644395895],
[256.6811383037475,456.4633307578106],
[260.3555239842535,459.8390992572604],
[264.09658993238736,463.15218482234286],
[267.90153548063245,466.39854066161206],
[271.76726922948546,469.5743951490613],
[275.69039536138007,472.67627235323744],
[279.66719969267615,475.70101295925724],
[283.71147581196965,478.6585870272347],
[287.8007426891145,481.5325727636491],
[291.9477693412773,484.3325559535515],
[296.12947667478693,487.0441484847788],
[300.3747019905859,489.68722243025695],
[304.6762001838488,492.2578597700294],
[309.00922648356755,494.74336289247276],
[313.38243103641616,497.15167389633734],
[317.8027665213449,499.4894421703066],
[322.2591989906505,501.7542788875289],
[326.7553543060785,503.95232513401425],
[331.2770488904789,506.0820038546808],
[335.8385898773122,508.1564034366238],
[340.4060032201869,510.16813405110497],
[345.001220703125,512.1368408203125],
[349.6111249551177,514.0689826570451],
[354.243197478354,515.9831785596907],
[358.8571771979332,517.8831718862057],
[363.4769717191375,519.8062115408902],
[368.06994077937816,521.7769353110043],
[372.62262757576536,523.8453439480509],
[377.0978016691515,526.0812188629643],
[381.4249305996782,528.5935231933763],
[385.4444122498535,531.5461067579236],
[388.84540557919536,535.2009361973614],
[390.97884636430535,539.6877714796574],
[391.3546988424059,544.6475395476227],
[390.2880878322321,549.5261704812947],
[388.36194547366176,554.1278135426182],
[385.9320072497212,558.4960947684522],
[383.1900015084102,562.6799136984118],
[380.2395494421944,566.7238128720783],
[377.15639953967184,570.6418650574051],
[373.9561339600641,574.4866622040036],
[370.6697482586151,578.2673075839512],
[367.3345685005188,581.9746792316437],
[363.9331316451262,585.652168579395],
[360.48858248773286,589.2919168459912],
[357.0191143463944,592.8886443732836],
[353.520780530971,596.4573594146941],
[349.987917497649,599.9975339799114],
[345.08725111744326,599.0482998952139],
[340.1609531800647,598.1958523572252],
[335.22259695107806,597.4426573860342],
[330.2492705683219,596.7857392591949],
[325.29122902254846,596.2315383504997],
[320.30113134260154,595.7745945524739],
[315.32939694371544,595.4193877062744],
[310.3285499497772,595.1624182370621],
[305.32458073955564,595.005681600965],
[300.3312715266384,594.9491937544067],
[295.3378626853226,594.9924480056759],
[290.33359361015516,595.1359185315076],
[285.33224651412223,595.3796218904547],
[280.35981569739965,595.7216276563412],
[275.36881842261505,596.1653053441017],
[270.4096829245599,596.706305172484],
[265.43505745422317,597.349957189058],
[260.49520973850963,598.0899510799361],
[255.56722203555321,598.9291975376116],
[250.65258510856748,599.8676965620849],
[245.6776276230812,599.8567655682564],
[240.70516228675842,599.3200600147247],
[235.79752445220947,598.3691453933716],
[230.98242282867432,596.994137763977],
[226.32769495248795,595.2112510800362],
[221.83141857385635,593.0262520909309],
[217.53180027008057,590.4710054397583],
[213.442625105381,587.577398121357],
[209.59417819976804,584.4010591506958],
[205.96654452383515,580.9651125222445],
[202.55896002054212,577.3084715008736],
[199.36125911772248,573.4616328030825],
[196.36359810829163,569.4541275501251],
[193.56451183557508,565.3269723057747],
[190.93063026666638,561.0704138875008],
[188.46210278570652,556.7206252366304],
[186.1436977982521,552.2866800427437],
[183.96846391260624,547.7894324809313],
[181.9227758795023,543.2331372052431],
[179.994073882699,538.618852570653],
[178.17727960646152,533.9618135243654],
[176.4611780643463,529.2590439319611],
[174.84065383672714,524.5256885886192],
[173.12184661626816,519.8420986533165],
[171.13413214683533,515.2571141719818],
[168.82413648068905,510.8102049678564],
[166.14593505859375,506.59027099609375],
[163.03003877401352,502.68016904592514],
[159.434894323349,499.22651648521423],
[155.329087972641,496.3833749294281],
[150.7760763168335,494.32733058929443],
[145.91873735189438,493.16011518239975],
[140.9441316127777,492.8645074367523],
[135.97129821777344,493.32847595214844],
[131.0766065120697,494.4158971309662],
[126.33864969015121,495.98466008901596],
[121.74366801977158,497.9328379034996],
[117.26541876792908,500.19211173057556],
[112.9334008693695,502.68306136131287],
[108.72379742562771,505.36557994782925],
[104.60550397634506,508.21918100118637],
[100.59504829347134,511.19936667382717],
[96.67120784521103,514.2937883734703],
[92.82762050628662,517.4848318099976],
[89.05582040548325,520.7605466246605],
[85.34540258347988,524.1142030805349],
[81.69415285810828,527.5343908928335],
[78.09888362884521,531.0123205184937],
[74.55549441277981,534.5416601747274],
[71.05902753770351,538.1183858960867],
[67.61436462402344,541.7293548583984],
[64.20464418828487,545.3852202743292],
[60.833562314510345,549.0760311484337],
[58.06321259296965,546.7720209882827],
[55.49024820327759,542.4837470054626],
[52.91862259451591,538.1977043241932],
[50.343306895229034,533.9055114920484],
[47.77673422904627,529.6278903817438],
[45.19741259624425,525.3290209937404],
[42.62537422764581,521.0422903794097],
[40.05213048418227,516.7535508069705],
[37.487508952617645,512.4791815876961],
[34.91310298886674,508.18850498144457],
[32.33797853295982,503.8966308882664],
[29.769289130854304,499.6154818847572],
[27.191162109375,495.318603515625],
[24.620722574181855,491.0345376236364],
[22.04893963226823,486.74823272044705],
[19.480280578136444,482.4671342968941],
[16.903000520469504,478.17166753411584],
[14.333364847116172,473.8889414118603],
[11.755671994251315,469.5927866570855],
[9.186197939925478,465.3103298998758],
[6.6142646007210715,461.0237743345351],
[4.041648053680547,456.7360800894676],
[1.4682546397671103,452.4470910662785],
[1.5159323623606724,448.48791716636924],
[5.0743929909216945,444.96926010049407],
[8.652682635600684,441.47579531591106],
[12.249054672645343,438.01161636926054],
[15.879123302909193,434.5644922752058],
[19.53195580844067,431.14787744726755],
[23.205532339386536,427.7666348768548],
[26.91452885119361,424.41070591958123],
[30.656300622922572,421.0864400975879],
[34.428229234856644,417.8002444508252],
[38.227728349477275,414.55857775607683],
[42.06800353443896,411.3549561732384],
[45.94585365551893,408.1974490458947],
[49.85812254855091,405.0942014469797],
[53.816757992444764,402.0419933939593],
[57.83282146634292,399.03980772165824],
[61.872770898753515,396.11994597989906],
[65.97671906502,393.2614547476078],
[70.13971359800735,390.47785604972205],
[74.3430618349521,387.79147526583984],
[78.6235692234186,385.1902452974173],
[82.96183744159862,382.69915407809094],
[87.35273352112927,380.33413046750866],
[91.82989878621584,378.09267861726994],
[96.37382109067403,376.0022751579527],
[100.99099248591301,374.07827630695465],
[105.68726517785763,372.3388708330276],
[110.43234496346486,370.81566051610935],
[115.26808903954588,369.51798258878625],
[120.16479305384564,368.47905286194873],
[125.09535178623992,367.7264034739892],
[130.07888732272477,367.27910923045783],
[135.06934928082046,367.16120851851883],
[140.0669010290585,367.3880277267017],
[145.03130764105663,367.96815171501294],
[149.94628201748128,368.9026706335426],
[154.7775192156223,370.1805690333458],
[159.51307350032948,371.78682974345065],
[164.13240610173716,373.69673428573833],
[168.63526942825047,375.8880315473107],
[172.99300041787546,378.3197477386125],
[177.23388374361093,380.97931146112387],
[181.33828239297145,383.82612569475896],
[185.3234813229392,386.84320220190784],
[189.19650359703155,390.0091010455981],
[192.9636001586914,393.3034896850586],
[196.62113290013394,396.6983611908404]]
