[[400.00171549618244,799.9979985877872],
[406.5084409980045,792.4068188356614],
[413.0194807134103,784.8106058343546],
[419.52649506760054,777.2190890877994],
[426.03414637115975,769.626829233647],
[432.5379526285474,762.0390552666947],
[439.04958752909806,754.4421478827189],
[445.559138052613,746.8476722719515],
[452.0658792636823,739.2564741923707],
[458.57157976007556,731.6664902799118],
[465.08426532178646,724.0683571245825],
[471.5922140202565,716.4757503097007],
[478.09329102847187,708.8911604667828],
[484.6035719383665,701.2958327385725],
[491.1067034249186,693.7088460042617],
[497.6207145191793,686.1091663942908],
[504.1265234244747,678.5190560047795],
[510.6391156742461,670.9210317133795],
[517.1438413494557,663.3321850923018],
[523.6496651995494,655.7420572671923],
[530.1564070524605,648.150858438796],
[536.6652957315637,640.5571549798424],
[543.1788341907563,632.958026777451],
[549.6886069195739,625.3632919271638],
[556.1866244992259,617.7822714175697],
[562.7024047374434,610.180527806316],
[569.2049814820962,602.5941882708878],
[575.7131156867217,595.001365032158],
[582.2213516274601,587.4084231012965],
[588.7244553555618,579.8214687518446],
[595.2433292977389,572.2161158193046],
[601.747633047205,564.6277614449275],
[608.2590158921378,557.0311481258393],
[614.7603056496337,549.4463100754274],
[621.2740558489302,541.8469348429148],
[627.783410464592,534.2526877913094],
[634.2847732164046,526.6677645808613],
[640.7881527504103,519.0804884578547],
[647.303870116066,511.47881819792286],
[653.8153221211089,503.8821241920395],
[660.3194134858584,496.294017599832],
[666.8267783722513,488.70209189904017],
[673.3345432679926,481.10969952067535],
[679.8398696939089,473.52015202377305],
[686.3536742819974,465.92071333766967],
[692.8594861667079,458.3305994721741],
[699.3682865477808,450.73699902758904],
[705.8773512958396,443.1430901548538],
[712.3839562815078,435.5520510049075],
[718.885377375409,427.9670597286895],
[725.3925795616724,420.37532384471564],
[731.902762601537,412.7801102982069],
[738.4130914128946,405.18472668495633],
[744.9206958876516,397.59252146440645],
[751.4226707087075,390.00688417317446],
[757.9295779846348,382.41549235125945],
[764.4382756309269,374.8220117639185],
[770.9455489475772,367.23019289449326],
[777.4614276127636,359.6283344517758],
[783.9690829255233,352.0360699202229],
[790.4782205816061,344.4420759881261],
[796.9850450970469,336.8507807201119],
[803.4856437824601,329.2667489204632],
[810.0017396806834,321.6646370392027],
[816.5029893423978,314.0798457672027],
[823.0103763248096,306.4878942877222],
[829.5187100492512,298.89483827587355],
[836.0349713446383,291.29253343125544],
[842.5408474746107,283.7023446129543],
[849.0425445148176,276.1170313993794],
[855.5573324372504,268.5164454898747],
[862.065517949668,260.923562392054],
[868.5708823966606,253.33397053722916],
[875.0760683657618,245.74458690661135],
[881.5824571041603,238.1538000451464],
[888.0900345736222,230.56162633077406],
[894.6079926381003,222.9573419222163],
[901.1113335857431,215.3701108166331],
[907.6161410710611,207.78116875042866],
[914.1243435604181,200.1882658461788],
[920.6342950928956,192.59332239162177],
[927.140326742574,185.0029521336637],
[933.6502601172199,177.4080298632434],
[940.1552288473454,169.81889967809707],
[946.6716406196497,162.21641927707537],
[953.1689210329205,154.6362587949261],
[959.6860088590233,147.03298966447278],
[966.1851097473118,139.4507052948029],
[972.6971344794833,131.85334310726944],
[979.2051217169387,124.26069133023816],
[985.7144198532183,116.66651017124536],
[992.2219323263562,109.07441228591779],
[998.7250531557947,101.48743798490614],
[1007.6413567876443,97.45288107078522],
[1017.1249369075667,94.29168769747776],
[1026.6065337492819,91.13115541690604],
[1036.0937852830375,87.9687382389875],
[1045.5839276574352,84.8053574475216],
[1055.0682828983554,81.6439057005482],
[1064.56481252485,78.47839582505003],
[1074.0369951901357,75.3210016032881],
[1083.541810230372,72.15272992320934],
[1093.0210789283592,68.99297369054693],
[1102.5087142043049,65.83042859856505],
[1112.0021956728579,62.66593477571405],
[1121.4809197670547,59.506360077648424],
[1130.9706869493255,56.34310435022485],
[1140.4476440191502,53.184118660283275],
[1149.9450683604664,50.0183105465112],
[1159.42897995821,46.85700668059667],
[1168.9065994363773,43.697800187874236],
[1178.3974827658483,40.534172411383906],
[1187.8911268670436,37.369624377652144],
[1197.3733540941964,34.20888196860119],
[1206.8636003880272,31.045466537324273],
[1216.3460560790838,27.88464797363872],
[1225.8426785469055,24.719107151031494],
[1235.3199344204768,21.560021859841072],
[1244.8006671620533,18.399777612648904],
[1254.2936919928707,15.235436002376446],
[1263.7756742024067,12.074775265864446],
[1273.2781224131031,8.907292528965627],
[1282.7658601261646,5.744713291278458],
[1292.2446772776311,2.585107574122958],
[1299.4252421660349,1.724273501895368],
[1296.2623907253146,11.212827824056149],
[1293.0970130935748,20.708960719275638],
[1289.9364228860122,30.19073134196333],
[1286.7723825154826,39.68285245355219],
[1283.612989066387,49.161032800839166],
[1280.4518583026947,58.644425091915764],
[1277.2850074497455,68.1449776507634],
[1274.1255999185796,77.62320024426117],
[1270.9625290726933,87.11241278192006],
[1267.8003075620381,96.59907731388557],
[1264.638205859228,106.08538242231589],
[1261.4759612572072,115.57211622837826],
[1258.3151144906878,125.05465652793646],
[1255.1508598139264,134.54742055822067],
[1251.9862296608608,144.04131101741768],
[1248.8282203674316,153.51533889770508],
[1245.6652432872943,163.00427013811714],
[1242.4996224592178,172.50113262234663],
[1239.3387426974698,181.9837719075906],
[1236.177394004784,191.46781798564803],
[1233.0122135827423,200.963359251773],
[1229.850923081176,210.44723075647198],
[1226.6914182031996,219.92574539040106],
[1223.5284949319237,229.41451520422902],
[1220.3645673267147,238.90629801985597],
[1217.2048348638782,248.3854954083654],
[1214.0428325955781,257.87150221326556],
[1210.8801781494549,267.35946555163537],
[1207.7169807166229,276.84905785013143],
[1204.55664396286,286.3300681114197],
[1201.3945419574156,295.8163741277531],
[1195.7561599701876,303.63757716841064],
[1188.1621431869007,310.14673441122795],
[1180.5703846952838,316.65395597547104],
[1172.9747293773867,323.1645176765255],
[1165.3765130949523,329.6772744900409],
[1157.7882645651698,336.18148751556873],
[1150.1926478586918,342.69201612112147],
[1142.6045957834958,349.1960607570036],
[1135.009372366403,355.70625225736876],
[1127.4172509144196,362.2137849304977],
[1119.8290604022532,368.71794822664015],
[1112.2301533032442,375.23129716864787],
[1104.6382845027892,381.7386132833235],
[1097.0417287680448,388.24994677024733],
[1089.457123551238,394.7510369560817],
[1081.8607490535278,401.2622150969762],
[1074.2731377150508,407.7658819585281],
[1066.674792422696,414.27874935197474],
[1059.0814386374404,420.78733831076534],
[1051.4944909027236,427.2904363690941],
[1043.899999863664,433.80000011685956],
[1036.309202459943,440.3063978914772],
[1028.7187423632056,446.8125065458239],
[1021.1239582328346,453.32232151471317],
[1013.5333668957117,459.8285426608186],
[1005.940561927855,466.3366612046957],
[998.3381333705771,472.8530285395052],
[990.7473948571806,479.3593758367024],
[983.1600447873541,485.8628187536965],
[975.5669740141002,492.37116513077126],
[967.9735439234889,498.87981949415234],
[960.3849225097747,505.38435213447883],
[952.7906969623851,511.8936883179558],
[945.1953842457223,518.4039563608096],
[937.6033652602928,524.9114012054633],
[930.0032431467009,531.4257915885421],
[922.4146380099832,537.9303102771572],
[914.8257815648115,544.4350443730187],
[907.2245577073375,550.9503791079965],
[899.6382688480792,557.4529124159321],
[892.046665392462,563.9600010921754],
[884.4531190745033,570.4687550789971],
[876.8609606520783,576.9763194410757],
[869.2654800576427,583.4867313791634],
[861.6779131361916,589.9903601689787],
[854.0854582990555,596.4981786008095],
[846.4912936971735,603.0074625452797],
[838.8985974814851,609.5154878730128],
[831.3105478029292,616.0195304546321],
[823.7143412899684,622.5305646085985],
[816.113235999893,629.0457977143774],
[808.5264519080226,635.5487555074092],
[800.9413265150165,642.0502915585573],
[793.3453859479926,648.5610977588635],
[785.742194018298,655.0781194128874],
[778.1511160730865,661.5847576516401],
[770.5600290677318,668.0914036562299],
[762.9727287469485,674.594803931187],
[755.377607233595,681.10490808549],
[747.7866056427155,687.6114808776724],
[740.1963017418041,694.1174556498822],
[732.6035994803533,700.6254861596972],
[725.0057711235343,707.1379104655421],
[717.4229307306241,713.6374879451794],
[709.8303943150447,720.1453763013901],
[702.2341114206938,726.6564759251196],
[694.6402868361474,733.1654684261594],
[687.0410202275536,739.6791255192397],
[679.4577522725142,746.1790694807021],
[671.8554795659202,752.6953032292113],
[664.2708903915454,759.1963796643895],
[656.6714500131816,765.7101857029872],
[649.0811774356353,772.2161336265983],
[641.497432350161,778.7164865570048],
[633.8932467353154,785.2343599411583],
[626.3087036677007,791.7353968562566],
[618.708311209364,798.2500189634025],
[611.1224878403227,804.7521532797234],
[603.5227524475431,811.2662121878202],
[595.9328794277269,817.7718176333769],
[588.345115097809,824.2756156304495],
[580.7474048863071,830.7879386688796],
[573.1571910065838,837.293836280071],
[565.5593371819634,843.8062824154599],
[557.9727660201854,850.3090576969839],
[550.3774360226544,856.8193405520105],
[542.7835477880024,863.3283876102837],
[535.1928284391761,869.8347184807062],
[527.6024602073448,876.3407483937044],
[520.0079915812239,882.8502929303795],
[512.4095792063599,889.3632178231201],
[504.8200253597315,895.8685496916587],
[502.5686946113808,902.5908135461407],
[509.50037750881165,909.8074504407123],
[516.2621846975526,917.1741434751311],
[522.8564725595788,924.6795980852767],
[529.3082767311716,932.3363072093343],
[535.5969693363022,940.0989554971147],
[541.7542743988122,947.9802393794273],
[547.7828727540327,955.9515072527574],
[553.7120192459497,964.0112687685814],
[559.557962603867,972.131204418838],
[565.3446119922137,980.2797205102706],
[571.1193333274423,988.4400908940734],
[576.9407142335695,996.5852584307868],
[582.8517765239667,1004.6282633706141],
[588.9818460671904,1012.5411081136463],
[595.4350574258569,1020.1691241618391],
[602.4178289109841,1027.3382641142234],
[610.149968947735,1033.671051476631],
[618.849050888457,1038.550455978475],
[628.4654077553569,1041.1520976162137],
[638.4480118751526,1041.0029768943787],
[648.1045465702209,1038.4929366623965],
[657.204810062467,1034.368006607474],
[665.7712349435315,1029.2058816412464],
[673.876620382407,1023.379156812689],
[681.6476078709002,1017.0752571890716],
[689.134148764424,1010.441776108928],
[696.3911650677858,1003.5643546866538],
[700.0795419633732,1004.9250945240374],
[700.7054031146936,1014.9107869798399],
[701.8928440357513,1024.8269644278707],
[703.5771534200421,1034.688275195026],
[705.6881992719354,1044.4548541870972],
[708.1679695131243,1054.1407448808968],
[710.9630976028029,1063.758294537888],
[714.005307548905,1073.265810706107],
[717.2589267336662,1082.723217541752],
[720.6710169509051,1092.1330332274238],
[724.1832494672735,1101.492454233653],
[727.7467744780324,1110.838848550543],
[731.2975424792967,1120.195224492636],
[734.7527005695156,1129.580967903894],
[738.0055899731815,1139.03104448691],
[740.903508665906,1148.6023888001],
[743.1859008967876,1158.3249725401402],
[744.3982152535682,1168.2573789819799],
[743.656681970424,1178.192391162338],
[739.6409604387372,1187.2704442486793],
[732.1533937938511,1193.7972313724458],
[722.9074326343834,1197.4977760575712],
[713.0741693879827,1199.317166484252],
[703.1011812643328,1199.9666694636517],
[698.0400922140964,1206.607773032246],
[694.6298911033368,1216.014970876455],
[690.5727943274644,1225.1428730392759],
[685.8755200268345,1233.975610086708],
[680.5715893373808,1242.4488990564935],
[674.6814551140934,1250.5316813213321],
[668.2381233060796,1258.179043282183],
[661.2787658293581,1265.3489949630712],
[653.8305007773013,1272.014418270582],
[645.9204462432814,1278.1481951113008],
[637.6063188649248,1283.7042891854855],
[628.9354490397495,1288.6535947926823],
[619.9238796641953,1292.986568886955],
[610.6188621633966,1296.6775896509373],
[601.1048486528828,1299.6964021821325],
[597.9969109234678,1291.367026466824],
[595.5520618740275,1281.6647678764011],
[592.9151674667154,1272.0187980415926],
[590.0872151192369,1262.4317933478399],
[587.0656833277282,1252.895713824185],
[583.8546814361232,1243.4241757863765],
[580.4591689757284,1234.0304726352838],
[576.8725137996005,1224.6961502064944],
[573.0951426699056,1215.4242554231917],
[569.1366004555135,1206.2384137924046],
[564.9985606686216,1197.141135582276],
[560.6826968214273,1188.1349310609496],
[556.1803909028195,1179.2023894092497],
[551.502826678387,1170.366380018493],
[546.6406182154586,1161.6099537416753],
[541.6172083308477,1152.9748211733595],
[536.4117635400639,1144.4247992716716],
[531.0492623929314,1136.0006751216656],
[525.5073508163382,1127.6672119075583],
[519.8060364175083,1119.4550952365607],
[513.9409039839841,1111.3574775576556],
[507.91364400822835,1103.3768946093828],
[501.72594698270393,1095.5158821302828],
[495.38669843394575,1087.7855728104173],
[488.89074348389045,1080.179623606593],
[482.2473093734729,1072.7088743583888],
[475.45088022821125,1065.3672468535146],
[468.5110170923947,1058.1652771179445],
[461.43794789689423,1051.1128942771427],
[454.2179083275104,1044.1962593250814],
[446.85256063966983,1037.4178656447493],
[439.36063939173704,1030.7949963080116],
[431.74475844928384,1024.3291707536887],
[423.98980633328176,1018.0077400754896],
[416.11543288929954,1011.8469661442715],
[408.124192059121,1005.8482893545297],
[400.00465346086276,1000.0032797330588],
[390.09671211242676,998.6744594573975],
[380.1183491945267,999.0309232473373],
[370.5513119697571,1001.8382430076599],
[362.4268651008606,1007.5733923912048],
[356.5986633300781,1015.6443786621094],
[352.96237766742706,1024.938344359398],
[350.9581118822098,1034.7300285100937],
[350.10310411453247,1044.6951270103455],
[349.773970246315,1054.6732717752457],
[347.8577174246311,1064.483639150858],
[344.28510442376137,1073.803844600916],
[339.43594992160797,1082.5499731302261],
[333.65726470947266,1090.6988906860352],
[327.183286100626,1098.3228720724583],
[320.18924951553345,1105.483477115631],
[312.81063333153725,1112.2302676737309],
[305.13916015625,1118.61572265625],
[297.2060799598694,1124.711000919342],
[289.0717424452305,1130.5413760244846],
[280.7783879339695,1136.1333288252354],
[272.3517566919327,1141.5144401788712],
[263.81639931350946,1146.7050460353494],
[255.1712105050683,1151.734516955912],
[246.43264785408974,1156.6164042055607],
[237.642040848732,1161.3479524850845],
[228.75694409012794,1165.9686125814915],
[219.82392016798258,1170.4679561033845],
[210.85571348667145,1174.8524576425552],
[201.80726740509272,1179.1544178500772],
[192.73630499839783,1183.3183825016022],
[183.54579538106918,1187.2940483689308],
[174.26727555692196,1191.015927568078],
[164.8650884628296,1194.4317865371704],
[155.33436082303524,1197.4488423019648],
[145.65144896507263,1199.9344885349274],
[135.8126100897789,1201.667858660221],
[125.84108680486679,1202.2643819451332],
[115.94647884368896,1201.006646156311],
[106.97381377220154,1196.7371237277985],
[100.78927606344222,1188.9958801865578],
[98.1005859375,1179.3994140625],
[97.84135341644287,1169.4242715835571],
[99.04309839010239,1159.4920578598976],
[101.16843581199646,1149.7300016880035],
[103.93014281988144,1140.1128259301186],
[107.14628778398037,1130.6564465910196],
[110.71660995483398,1121.314640045166],
[114.5609899610281,1112.089400663972],
[118.63723129034042,1102.9447999596596],
[122.87540789693594,1093.892807327211],
[127.21082326024771,1084.8918503150344],
[131.6535085439682,1075.929793715477],
[136.21010597795248,1067.0168673619628],
[140.87868079543114,1058.182092756033],
[145.68219527602196,1049.4106255471706],
[150.62647685408592,1040.7249175012112],
[155.733543895185,1032.124282978475],
[161.01657327264547,1023.6307954415679],
[166.4963549003005,1015.2621960267425],
[172.1929144859314,1007.047688961029],
[178.14149167388678,999.0079959854484],
[184.36799630522728,991.1939226090908],
[190.93658670783043,983.6318634450435],
[197.86170467734337,976.4347814023494],
[205.22632345557213,969.6764372289181],
[213.09384763240814,963.5043948888778],
[221.52352675795555,958.1285439431667],
[230.55482804775238,953.8357824087143],
[240.11865556240082,951.0033696889877],
[250.05857706069946,949.999988079071],
[260.0455714762211,949.6105365455151],
[269.94744300842285,948.2604503631592],
[279.5703148841858,945.5496668815613],
[288.4034729003906,940.9355163574219],
[295.5116271972656,933.9591979980468],
[299.8512268066406,925.0053405761718],
[301.3933664560318,915.162393450737],
[300.8661675453186,905.1806330680847],
[297.24760929268996,896.1337699097629],
[291.33456658012057,888.0814620418207],
[285.25168111124975,880.1357697603625],
[279.0141726957453,872.3172539280356],
[272.6166845407255,864.6193952548208],
[266.0831170719897,857.0701635168804],
[259.37826648102225,849.6292268400742],
[252.5494363994624,842.3489960014512],
[245.55240946905639,835.1823231658842],
[238.4363898143207,828.1796806793699],
[231.16359276117896,821.3035631342985],
[223.76035098963575,814.5795586405405],
[216.2206598254491,808.0020594113287],
[208.555282599132,801.580382619028],
[200.76674654018677,795.3162130833207],
[192.85757887811585,789.2112356238893],
[184.8121776689207,783.2539895037719],
[176.66907218709602,777.4728170371375],
[168.39428579040455,771.8434867010201],
[160.00849191929458,766.3808402300432],
[151.53335681412216,761.0982286148352],
[142.93341491057228,755.9736560313149],
[134.24967664955724,751.0317391849869],
[125.46554728717079,746.2625080828846],
[116.58355405291529,741.6676475446905],
[107.60622417629311,737.248842390087],
[98.55652345266031,733.0170864844761],
[89.40662049662612,728.9594951461354],
[80.18998199734706,725.0911008887169],
[70.88867120518212,721.4042625439907],
[61.526390482913754,717.9083232530588],
[52.08479355804019,714.5964409216703],
[42.587912032351355,711.4771109127571],
[33.027868973628564,708.5475114549782],
[23.407370674375617,705.8086480971106],
[13.740117499902563,703.2642965297068],
[4.017917915329943,700.9122287109359],
[1.6524775715208881,694.355277347566],
[4.991924836293199,684.9334578363475],
[8.986061548336961,675.7705967367976],
[13.622576540272366,666.8999878593127],
[18.85825993275765,658.4009550731128],
[24.691591686173826,650.2738580141153],
[31.08078192676655,642.5793391429161],
[37.988763008378754,635.3594653793639],
[45.388416837638005,628.6413548168732],
[53.25262532117188,622.4521255488584],
[61.523821027932556,616.8380270959531],
[70.17064146617075,611.8197971025463],
[79.14573307130824,607.425025708999],
[88.41709854256634,603.6699160085009],
[97.91814201037216,600.5800491620068],
[100.22722527071437,592.157659148711],
[101.36512538610987,582.2272858267752],
[103.96298156990724,572.5902184639608],
[108.91539826989174,563.949029892683],
[116.82077606801613,557.9733911241419],
[126.49669095026184,555.6688217564442],
[136.46886196220294,555.9990360285155],
[146.312548962419,557.7986206775449],
[155.96040051514137,560.4150835077235],
[165.46421044859017,563.504536264918],
[174.88491920521483,566.8713685241528],
[184.249402293608,570.3819385440511],
[193.59282009972958,573.9456043593236],
[202.9449686888256,577.4929539809818],
[212.32026733287057,580.9621741571391],
[221.74437782177847,584.303194016502],
[231.23458996308273,587.4662976679929],
[240.79648438394088,590.3989745914942],
[250.43922740005655,593.0494510466815],
[260.15670689569106,595.3603164889273],
[269.980363761465,597.2794215085514],
[279.87043393852673,598.7362979561794],
[289.82324402750237,599.6662378674955],
[299.81689455398737,599.9998883095031],
[293.1464152486569,607.0261949597352],
[286.3748662388389,614.3876366102631],
[279.8865571409351,621.9992604315394],
[273.7832032438746,629.9268327358732],
[268.242168898405,638.2327384253131],
[263.5136676948605,647.0469446856441],
[260.068409366022,656.4196670079127],
[258.58897670150327,666.2879799401708],
[259.7482618137292,676.1809337691375],
[263.53572567859374,685.4122687323979],
[269.19971058487135,693.6310400593356],
[275.98296203177597,700.9705131455121],
[283.4083158959402,707.68037843809],
[291.1916709243087,713.9620983303757],
[299.1715629710143,719.9695072011764],
[307.26980888425715,725.8276262772142],
[315.4330354715512,731.6233664219453],
[323.58955654162855,737.3966330025723],
[331.72512940805063,743.2053250100125],
[339.816082651987,749.0851938619471],
[347.8369047919841,755.0595516284375],
[355.77293531096075,761.1514161428204],
[363.600602815859,767.3704236047342],
[371.3205858366564,773.7404064042494],
[378.90325738408137,780.2562301018042],
[386.3409768420297,786.9266897809666],
[393.63899320800897,793.7701323398471]]
